name = WaferName
nSections = 500
scanRate = 5
dwellTime = 1.61677598953e-06
brightness = 25
contrast = 40
tileWidth = 12288
tileHeight = 9216
numTilesX = 2
numTilesY = 2
tileOverlapX = 0.08
tileOverlapY = 0.1067
pixelSize = 8e-09
xPatchEffectiveSize = 15073.28
yPatchEffectiveSize = 10977.28
magnification = 6005.84193489
autofocusOffsetFactor = 0.5
mosaicSize_x = 0.000251656
mosaicSize_y = 0.00018612
